7.261000000000000000e+03 1.565210000000000000e+05
1.628980000000000000e+05 1.999730000000000000e+05
2.146860000000000000e+05 4.660170000000000000e+05
4.691630000000000000e+05 4.699700000000000000e+05
4.788280000000000000e+05 4.821300000000000000e+05
4.874140000000000000e+05 5.147510000000000000e+05
5.230440000000000000e+05 9.270180000000000000e+05
9.323520000000000000e+05 1.244499000000000000e+06
1.254727000000000000e+06 1.412279000000000000e+06
1.418469000000000000e+06 1.473103000000000000e+06
1.483852000000000000e+06 2.534335000000000000e+06
